Number Label Xorth Yorth Zorth Xfrac Yfrac Zfrac "Symm. op."
1 Cu -0.248 -10.288 -2.811 -0.2477 -10.2880 -2.8109 Unknown
2 Cu_2 -0.374 -10.552 -2.878 -0.3738 -10.5519 -2.8781 Unknown
3 Cu -0.248 -10.288 -2.811 -0.2477 -10.2880 -2.8109 Unknown
4 P -1.185 -12.254 -3.311 -1.1846 -12.2537 -3.3108 Unknown
5 P -1.185 -12.254 -3.311 -1.1846 -12.2537 -3.3108 Unknown
6 N 0.999 -10.082 -1.217 0.9989 -10.0820 -1.2172 Unknown
7 N 0.999 -10.082 -1.217 0.9989 -10.0820 -1.2172 Unknown
8 N -1.406 -8.976 -1.712 -1.4060 -8.9758 -1.7125 Unknown
9 C 2.172 -10.661 -0.985 2.1716 -10.6611 -0.9851 Unknown
10 C 2.900 -10.402 0.195 2.8998 -10.4024 0.1952 Unknown
11 C 2.387 -9.579 1.157 2.3866 -9.5789 1.1571 Unknown
12 C 1.134 -8.987 0.950 1.1337 -8.9868 0.9495 Unknown
13 C 0.507 -8.144 1.916 0.5073 -8.1436 1.9162 Unknown
14 C -0.714 -7.619 1.683 -0.7142 -7.6187 1.6832 Unknown
15 C -1.405 -7.877 0.455 -1.4053 -7.8770 0.4550 Unknown
16 C -2.674 -7.348 0.164 -2.6738 -7.3479 0.1636 Unknown
17 C -3.263 -7.635 -1.040 -3.2635 -7.6353 -1.0398 Unknown
18 C -2.609 -8.466 -1.970 -2.6086 -8.4663 -1.9697 Unknown
19 C -0.807 -8.684 -0.524 -0.8069 -8.6837 -0.5243 Unknown
20 C 0.481 -9.256 -0.265 0.4814 -9.2557 -0.2647 Unknown
21 C 2.694 -11.622 -2.001 2.6940 -11.6221 -2.0009 Unknown
22 C -3.269 -8.791 -3.267 -3.2694 -8.7912 -3.2673 Unknown
23 H 3.758 -10.804 0.325 3.7580 -10.8045 0.3255 Unknown
24 H 2.878 -9.408 1.964 2.8779 -9.4084 1.9637 Unknown
25 H 0.960 -7.948 2.740 0.9597 -7.9484 2.7397 Unknown
26 H -1.122 -7.067 2.349 -1.1222 -7.0668 2.3490 Unknown
27 H -3.120 -6.792 0.801 -3.1201 -6.7922 0.8008 Unknown
28 H -4.123 -7.272 -1.252 -4.1230 -7.2717 -1.2518 Unknown
29 H 2.371 -12.499 -1.803 2.3711 -12.4985 -1.8032 Unknown
30 H 3.650 -11.621 -1.975 3.6503 -11.6213 -1.9753 Unknown
31 H 2.395 -11.362 -2.875 2.3951 -11.3620 -2.8747 Unknown
32 H -4.219 -8.751 -3.162 -4.2190 -8.7506 -3.1617 Unknown
33 H -3.017 -9.670 -3.541 -3.0172 -9.6703 -3.5412 Unknown
34 H -2.997 -8.162 -3.934 -2.9971 -8.1616 -3.9336 Unknown
35 N -1.406 -8.976 -1.712 -1.4060 -8.9758 -1.7125 Unknown
36 C 2.172 -10.661 -0.985 2.1716 -10.6611 -0.9851 Unknown
37 C 2.900 -10.402 0.195 2.8998 -10.4024 0.1952 Unknown
38 C 2.387 -9.579 1.157 2.3866 -9.5789 1.1571 Unknown
39 C 1.134 -8.987 0.950 1.1337 -8.9868 0.9495 Unknown
40 C 0.507 -8.144 1.916 0.5073 -8.1436 1.9162 Unknown
41 C -0.714 -7.619 1.683 -0.7142 -7.6187 1.6832 Unknown
42 C -1.405 -7.877 0.455 -1.4053 -7.8770 0.4550 Unknown
43 C -2.674 -7.348 0.164 -2.6738 -7.3479 0.1636 Unknown
44 C -3.263 -7.635 -1.040 -3.2635 -7.6353 -1.0398 Unknown
45 C -2.609 -8.466 -1.970 -2.6086 -8.4663 -1.9697 Unknown
46 C -0.807 -8.684 -0.524 -0.8069 -8.6837 -0.5243 Unknown
47 C 0.481 -9.256 -0.265 0.4814 -9.2557 -0.2647 Unknown
48 C 2.694 -11.622 -2.001 2.6940 -11.6221 -2.0009 Unknown
49 C -3.269 -8.791 -3.267 -3.2694 -8.7912 -3.2673 Unknown
50 P 0.229 -9.925 -4.964 0.2289 -9.9249 -4.9641 Unknown
51 C -1.438 -12.202 -5.134 -1.4384 -12.2023 -5.1342 Unknown
52 C -0.283 -11.468 -5.832 -0.2831 -11.4683 -5.8318 Unknown
53 C -2.758 -12.742 -2.553 -2.7576 -12.7421 -2.5533 Unknown
54 C -3.508 -13.836 -2.980 -3.5079 -13.8360 -2.9798 Unknown
55 C -4.575 -14.286 -2.214 -4.5753 -14.2862 -2.2140 Unknown
56 C -4.890 -13.655 -1.022 -4.8899 -13.6553 -1.0217 Unknown
57 C -4.170 -12.554 -0.602 -4.1695 -12.5537 -0.6016 Unknown
58 C -3.113 -12.094 -1.374 -3.1126 -12.0942 -1.3740 Unknown
59 C -0.174 -13.723 -2.975 -0.1743 -13.7229 -2.9749 Unknown
60 C 0.672 -14.315 -3.904 0.6721 -14.3145 -3.9041 Unknown
61 C 1.505 -15.361 -3.521 1.5048 -15.3613 -3.5206 Unknown
62 C 1.505 -15.824 -2.217 1.5051 -15.8244 -2.2166 Unknown
63 C 0.660 -15.240 -1.285 0.6604 -15.2403 -1.2850 Unknown
64 C -0.173 -14.201 -1.661 -0.1731 -14.2014 -1.6615 Unknown
65 C -0.782 -8.600 -5.660 -0.7821 -8.5999 -5.6605 Unknown
66 C -0.488 -7.309 -5.221 -0.4884 -7.3086 -5.2208 Unknown
67 C -1.295 -6.250 -5.586 -1.2948 -6.2505 -5.5861 Unknown
68 C -2.403 -6.459 -6.398 -2.4034 -6.4591 -6.3984 Unknown
69 C -2.686 -7.731 -6.853 -2.6855 -7.7315 -6.8531 Unknown
70 C -1.885 -8.806 -6.481 -1.8847 -8.8064 -6.4811 Unknown
71 C 1.862 -9.580 -5.672 1.8623 -9.5798 -5.6719 Unknown
72 C 2.900 -9.149 -4.852 2.8999 -9.1487 -4.8520 Unknown
73 C 4.155 -8.889 -5.388 4.1552 -8.8894 -5.3879 Unknown
74 C 4.394 -9.095 -6.733 4.3937 -9.0948 -6.7332 Unknown
75 C 3.356 -9.499 -7.566 3.3556 -9.4989 -7.5661 Unknown
76 C 2.092 -9.715 -7.043 2.0917 -9.7154 -7.0430 Unknown
77 H 0.682 -14.001 -4.810 0.6824 -14.0014 -4.8101 Unknown
78 H 2.083 -15.764 -4.167 2.0827 -15.7639 -4.1672 Unknown
79 H 2.082 -16.541 -1.958 2.0824 -16.5413 -1.9579 Unknown
80 H 0.654 -15.556 -0.380 0.6536 -15.5561 -0.3799 Unknown
81 H 0.277 -7.157 -4.663 0.2765 -7.1569 -4.6629 Unknown
82 H -1.088 -5.370 -5.278 -1.0880 -5.3702 -5.2779 Unknown
83 H -2.969 -5.728 -6.642 -2.9689 -5.7279 -6.6422 Unknown
84 H -3.439 -7.875 -7.429 -3.4386 -7.8748 -7.4292 Unknown
85 H -2.095 -9.685 -6.791 -2.0945 -9.6853 -6.7909 Unknown
86 H 2.751 -9.029 -3.913 2.7507 -9.0294 -3.9127 Unknown
87 H 4.857 -8.567 -4.820 4.8571 -8.5667 -4.8204 Unknown
88 H 5.270 -8.959 -7.090 5.2699 -8.9595 -7.0903 Unknown
89 H 3.513 -9.628 -8.503 3.5126 -9.6283 -8.5027 Unknown
90 H 1.372 -9.960 -7.627 1.3716 -9.9596 -7.6271 Unknown
91 H -2.263 -11.759 -5.332 -2.2632 -11.7594 -5.3318 Unknown
92 H -1.500 -13.093 -5.474 -1.4997 -13.0928 -5.4742 Unknown
93 H 0.469 -12.054 -5.906 0.4688 -12.0535 -5.9056 Unknown
94 H -0.534 -11.263 -6.735 -0.5343 -11.2634 -6.7349 Unknown
95 H -3.288 -14.277 -3.800 -3.2877 -14.2773 -3.8004 Unknown
96 H -5.093 -15.033 -2.511 -5.0931 -15.0329 -2.5114 Unknown
97 H -5.610 -13.983 -0.485 -5.6098 -13.9832 -0.4852 Unknown
98 H -4.398 -12.111 0.216 -4.3978 -12.1109 0.2160 Unknown
99 H -2.623 -11.323 -1.092 -2.6231 -11.3232 -1.0918 Unknown
100 H -0.755 -13.807 -1.013 -0.7549 -13.8073 -1.0132 Unknown
101 P 0.229 -9.925 -4.964 0.2289 -9.9249 -4.9641 Unknown
102 C -1.438 -12.202 -5.134 -1.4384 -12.2023 -5.1342 Unknown
103 C -0.283 -11.468 -5.832 -0.2831 -11.4683 -5.8318 Unknown
104 C -2.758 -12.742 -2.553 -2.7576 -12.7421 -2.5533 Unknown
105 C -3.508 -13.836 -2.980 -3.5079 -13.8360 -2.9798 Unknown
106 C -4.575 -14.286 -2.214 -4.5753 -14.2862 -2.2140 Unknown
107 C -4.890 -13.655 -1.022 -4.8899 -13.6553 -1.0217 Unknown
108 C -4.170 -12.554 -0.602 -4.1695 -12.5537 -0.6016 Unknown
109 C -3.113 -12.094 -1.374 -3.1126 -12.0942 -1.3740 Unknown
110 C -0.174 -13.723 -2.975 -0.1743 -13.7229 -2.9749 Unknown
111 C 0.672 -14.315 -3.904 0.6721 -14.3145 -3.9041 Unknown
112 C 1.505 -15.361 -3.521 1.5048 -15.3613 -3.5206 Unknown
113 C 1.505 -15.824 -2.217 1.5051 -15.8244 -2.2166 Unknown
114 C 0.660 -15.240 -1.285 0.6604 -15.2403 -1.2850 Unknown
115 C -0.173 -14.201 -1.661 -0.1731 -14.2014 -1.6615 Unknown
116 C -0.782 -8.600 -5.660 -0.7821 -8.5999 -5.6605 Unknown
117 C -0.488 -7.309 -5.221 -0.4884 -7.3086 -5.2208 Unknown
118 C -1.295 -6.250 -5.586 -1.2948 -6.2505 -5.5861 Unknown
119 C -2.403 -6.459 -6.398 -2.4034 -6.4591 -6.3984 Unknown
120 C -2.686 -7.731 -6.853 -2.6855 -7.7315 -6.8531 Unknown
121 C -1.885 -8.806 -6.481 -1.8847 -8.8064 -6.4811 Unknown
122 C 1.862 -9.580 -5.672 1.8623 -9.5798 -5.6719 Unknown
123 C 2.900 -9.149 -4.852 2.8999 -9.1487 -4.8520 Unknown
124 C 4.155 -8.889 -5.388 4.1552 -8.8894 -5.3879 Unknown
125 C 4.394 -9.095 -6.733 4.3937 -9.0948 -6.7332 Unknown
126 C 3.356 -9.499 -7.566 3.3556 -9.4989 -7.5661 Unknown
127 C 2.092 -9.715 -7.043 2.0917 -9.7154 -7.0430 Unknown
128 Cu 8.663 3.502 10.253 8.6633 3.5019 10.2531 Unknown
129 Cu_2 8.610 3.793 10.206 8.6102 3.7933 10.2055 Unknown
130 Cu 8.663 3.502 10.253 8.6633 3.5019 10.2531 Unknown
131 P 8.263 5.699 9.894 8.2633 5.6988 9.8944 Unknown
132 P 8.263 5.699 9.894 8.2633 5.6988 9.8944 Unknown
133 N 10.273 3.113 11.484 10.2734 3.1130 11.4838 Unknown
134 N 10.273 3.113 11.484 10.2734 3.1130 11.4838 Unknown
135 N 7.671 2.415 11.702 7.6710 2.4154 11.7017 Unknown
136 C 11.554 3.433 11.338 11.5540 3.4335 11.3381 Unknown
137 C 12.522 3.040 12.289 12.5221 3.0400 12.2891 Unknown
138 C 12.150 2.376 13.426 12.1498 2.3763 13.4262 Unknown
139 C 10.791 2.080 13.625 10.7907 2.0795 13.6255 Unknown
140 C 10.316 1.423 14.804 10.3157 1.4233 14.8040 Unknown
141 C 9.006 1.117 14.932 9.0055 1.1168 14.9322 Unknown
142 C 8.072 1.429 13.891 8.0718 1.4285 13.8906 Unknown
143 C 6.712 1.094 13.972 6.7123 1.0935 13.9724 Unknown
144 C 5.884 1.410 12.930 5.8838 1.4097 12.9300 Unknown
145 C 6.391 2.071 11.796 6.3914 2.0710 11.7956 Unknown
146 C 8.506 2.090 12.732 8.5056 2.0896 12.7315 Unknown
147 C 9.892 2.439 12.605 9.8924 2.4386 12.6050 Unknown
148 C 11.964 4.253 10.158 11.9637 4.2533 10.1584 Unknown
149 C 5.462 2.412 10.675 5.4617 2.4115 10.6751 Unknown
150 H 13.445 3.238 12.138 13.4451 3.2384 12.1382 Unknown
151 H 12.805 2.118 14.077 12.8050 2.1175 14.0771 Unknown
152 H 10.929 1.199 15.507 10.9291 1.1994 15.5069 Unknown
153 H 8.700 0.686 15.730 8.6998 0.6858 15.7302 Unknown
154 H 6.371 0.650 14.748 6.3708 0.6496 14.7483 Unknown
155 H 4.956 1.181 12.970 4.9560 1.1814 12.9703 Unknown
156 H 12.542 3.740 9.597 12.5421 3.7400 9.5969 Unknown
157 H 11.186 4.511 9.660 11.1865 4.5114 9.6604 Unknown
158 H 12.425 5.034 10.462 12.4247 5.0335 10.4623 Unknown
159 H 4.904 1.660 10.481 4.9041 1.6601 10.4808 Unknown
160 H 4.917 3.153 10.930 4.9167 3.1533 10.9297 Unknown
161 H 5.968 2.640 9.896 5.9679 2.6397 9.8959 Unknown
162 N 7.671 2.415 11.702 7.6710 2.4154 11.7017 Unknown
163 C 11.554 3.433 11.338 11.5540 3.4335 11.3381 Unknown
164 C 12.522 3.040 12.289 12.5221 3.0400 12.2891 Unknown
165 C 12.150 2.376 13.426 12.1498 2.3763 13.4262 Unknown
166 C 10.791 2.080 13.625 10.7907 2.0795 13.6255 Unknown
167 C 10.316 1.423 14.804 10.3157 1.4233 14.8040 Unknown
168 C 9.006 1.117 14.932 9.0055 1.1168 14.9322 Unknown
169 C 8.072 1.429 13.891 8.0718 1.4285 13.8906 Unknown
170 C 6.712 1.094 13.972 6.7123 1.0935 13.9724 Unknown
171 C 5.884 1.410 12.930 5.8838 1.4097 12.9300 Unknown
172 C 6.391 2.071 11.796 6.3914 2.0710 11.7956 Unknown
173 C 8.506 2.090 12.732 8.5056 2.0896 12.7315 Unknown
174 C 9.892 2.439 12.605 9.8924 2.4386 12.6050 Unknown
175 C 11.964 4.253 10.158 11.9637 4.2533 10.1584 Unknown
176 C 5.462 2.412 10.675 5.4617 2.4115 10.6751 Unknown
177 P 8.683 3.091 8.034 8.6826 3.0910 8.0338 Unknown
178 C 8.580 5.855 8.078 8.5798 5.8550 8.0783 Unknown
179 C 8.011 4.646 7.327 8.0109 4.6460 7.3275 Unknown
180 C 6.613 6.456 10.069 6.6128 6.4557 10.0685 Unknown
181 C 6.399 7.680 10.694 6.3985 7.6796 10.6942 Unknown
182 C 5.117 8.208 10.777 5.1165 8.2081 10.7769 Unknown
183 C 4.037 7.531 10.243 4.0373 7.5312 10.2434 Unknown
184 C 4.237 6.312 9.624 4.2373 6.3121 9.6237 Unknown
185 C 5.511 5.775 9.543 5.5112 5.7749 9.5433 Unknown
186 C 9.354 6.927 10.658 9.3536 6.9275 10.6582 Unknown
187 C 9.630 8.144 10.046 9.6305 8.1444 10.0462 Unknown
188 C 10.405 9.093 10.696 10.4049 9.0928 10.6957 Unknown
189 C 10.896 8.839 11.965 10.8958 8.8395 11.9648 Unknown
190 C 10.627 7.635 12.584 10.6272 7.6350 12.5841 Unknown
191 C 9.868 6.674 11.929 9.8680 6.6744 11.9293 Unknown
192 C 7.645 1.793 7.304 7.6446 1.7927 7.3035 Unknown
193 C 7.230 0.740 8.111 7.2304 0.7396 8.1112 Unknown
194 C 6.462 -0.283 7.579 6.4623 -0.2827 7.5788 Unknown
195 C 6.125 -0.275 6.236 6.1245 -0.2754 6.2356 Unknown
196 C 6.536 0.763 5.426 6.5365 0.7627 5.4258 Unknown
197 C 7.282 1.804 5.959 7.2825 1.8045 5.9589 Unknown
198 C 10.261 2.838 7.159 10.2608 2.8377 7.1592 Unknown
199 C 11.184 1.957 7.715 11.1838 1.9574 7.7153 Unknown
200 C 12.384 1.688 7.069 12.3837 1.6879 7.0686 Unknown
201 C 12.663 2.287 5.856 12.6634 2.2871 5.8563 Unknown
202 C 11.754 3.154 5.289 11.7540 3.1540 5.2890 Unknown
203 C 10.560 3.435 5.938 10.5597 3.4345 5.9378 Unknown
204 H 9.283 8.327 9.170 9.2834 8.3273 9.1704 Unknown
205 H 10.599 9.923 10.265 10.5991 9.9227 10.2645 Unknown
206 H 11.423 9.498 12.417 11.4227 9.4980 12.4170 Unknown
207 H 10.965 7.463 13.466 10.9654 7.4633 13.4657 Unknown
208 H 7.477 0.721 9.039 7.4773 0.7215 9.0385 Unknown
209 H 6.165 -0.995 8.143 6.1655 -0.9948 8.1428 Unknown
210 H 5.606 -0.989 5.866 5.6056 -0.9889 5.8663 Unknown
211 H 6.307 0.764 4.494 6.3069 0.7639 4.4939 Unknown
212 H 7.547 2.532 5.398 7.5474 2.5319 5.3985 Unknown
213 H 10.991 1.533 8.552 10.9911 1.5328 8.5516 Unknown
214 H 13.015 1.087 7.464 13.0149 1.0872 7.4643 Unknown
215 H 13.488 2.101 5.410 13.4879 2.1010 5.4100 Unknown
216 H 11.946 3.564 4.445 11.9459 3.5642 4.4452 Unknown
217 H 9.937 4.044 5.541 9.9374 4.0437 5.5409 Unknown
218 H 8.168 6.652 7.748 8.1680 6.6520 7.7483 Unknown
219 H 9.522 5.912 7.926 9.5219 5.9117 7.9256 Unknown
220 H 8.243 4.704 6.400 8.2432 4.7044 6.3996 Unknown
221 H 7.057 4.644 7.399 7.0573 4.6443 7.3991 Unknown
222 H 7.138 8.159 11.069 7.1378 8.1588 11.0689 Unknown
223 H 4.981 9.050 11.208 4.9809 9.0496 11.2082 Unknown
224 H 3.158 7.902 10.301 3.1579 7.9017 10.3014 Unknown
225 H 3.494 5.839 9.250 3.4937 5.8390 9.2497 Unknown
226 H 5.638 4.927 9.123 5.6376 4.9267 9.1225 Unknown
227 H 9.698 5.836 12.354 9.6982 5.8359 12.3541 Unknown
228 P 8.683 3.091 8.034 8.6826 3.0910 8.0338 Unknown
229 C 8.580 5.855 8.078 8.5798 5.8550 8.0783 Unknown
230 C 8.011 4.646 7.327 8.0109 4.6460 7.3275 Unknown
231 C 6.613 6.456 10.069 6.6128 6.4557 10.0685 Unknown
232 C 6.399 7.680 10.694 6.3985 7.6796 10.6942 Unknown
233 C 5.117 8.208 10.777 5.1165 8.2081 10.7769 Unknown
234 C 4.037 7.531 10.243 4.0373 7.5312 10.2434 Unknown
235 C 4.237 6.312 9.624 4.2373 6.3121 9.6237 Unknown
236 C 5.511 5.775 9.543 5.5112 5.7749 9.5433 Unknown
237 C 9.354 6.927 10.658 9.3536 6.9275 10.6582 Unknown
238 C 9.630 8.144 10.046 9.6305 8.1444 10.0462 Unknown
239 C 10.405 9.093 10.696 10.4049 9.0928 10.6957 Unknown
240 C 10.896 8.839 11.965 10.8958 8.8395 11.9648 Unknown
241 C 10.627 7.635 12.584 10.6272 7.6350 12.5841 Unknown
242 C 9.868 6.674 11.929 9.8680 6.6744 11.9293 Unknown
243 C 7.645 1.793 7.304 7.6446 1.7927 7.3035 Unknown
244 C 7.230 0.740 8.111 7.2304 0.7396 8.1112 Unknown
245 C 6.462 -0.283 7.579 6.4623 -0.2827 7.5788 Unknown
246 C 6.125 -0.275 6.236 6.1245 -0.2754 6.2356 Unknown
247 C 6.536 0.763 5.426 6.5365 0.7627 5.4258 Unknown
248 C 7.282 1.804 5.959 7.2825 1.8045 5.9589 Unknown
249 C 10.261 2.838 7.159 10.2608 2.8377 7.1592 Unknown
250 C 11.184 1.957 7.715 11.1838 1.9574 7.7153 Unknown
251 C 12.384 1.688 7.069 12.3837 1.6879 7.0686 Unknown
252 C 12.663 2.287 5.856 12.6634 2.2871 5.8563 Unknown
253 C 11.754 3.154 5.289 11.7540 3.1540 5.2890 Unknown
254 C 10.560 3.435 5.938 10.5597 3.4345 5.9378 Unknown
255 P 4.225 1.735 17.036 4.2246 1.7354 17.0356 Unknown
256 F 4.201 1.372 18.586 4.2014 1.3721 18.5861 Unknown
257 F 4.247 2.110 15.476 4.2475 2.1097 15.4764 Unknown
258 F 2.654 1.459 16.941 2.6541 1.4589 16.9410 Unknown
259 F 4.519 0.212 16.656 4.5190 0.2118 16.6558 Unknown
260 F 5.807 1.986 17.128 5.8067 1.9862 17.1276 Unknown
261 F 3.948 3.262 17.382 3.9477 3.2620 17.3821 Unknown
262 P 3.095 11.793 9.512 3.0953 11.7930 9.5123 Unknown
263 F 3.360 12.375 8.058 3.3602 12.3754 8.0577 Unknown
264 F 2.841 11.203 10.987 2.8409 11.2033 10.9866 Unknown
265 F 3.001 13.251 10.099 3.0008 13.2512 10.0986 Unknown
266 F 4.663 11.736 9.804 4.6635 11.7358 9.8040 Unknown
